GROUP (20, 20, 400) count 972 first [(9, [3399.99, -0.0, 12.0], [3420.0, 20.0, 411.99]), (11, [3380.0, -0.0, 12.0], [3399.99, 20.0, 411.99]), (12, [3359.99, -0.0, 12.0], [3380.0, 20.0, 411.99]), (15, [2939.99, -0.0, 12.0], [2960.0, 20.0, 411.99]), (16, [2920.0, -0.0, 12.0], [2939.99, 20.0, 411.99]), (17, [2899.99, -0.0, 12.0], [2920.0, 20.0, 411.99]), (18, [2880.0, -0.0, 12.0], [2899.99, 20.0, 411.99]), (19, [3020.0, -0.0, 12.0], [3039.99, 20.0, 411.99])]
centers XYZ [[40.0, 60.0, 80.0, 100.0, 120.0, 140.0, 160.0, 180.0, 200.0, 220.0, 240.0, 260.0, 280.0, 300.0, 320.0, 340.0, 360.0, 380.0, 400.0, 420.0, 440.0, 460.0, 480.0, 500.0, 520.0, 540.0, 560.0, 610.0, 630.0, 650.0, 670.0, 690.0, 710.0, 730.0, 750.0, 770.0, 790.0, 810.0, 830.0, 850.0, 870.0, 890.0, 910.0, 930.0, 950.0, 970.0, 990.0, 1010.0, 1030.0, 1050.0, 1070.0, 1090.0, 1110.0, 1130.0, 1180.0, 1200.0, 1220.0, 1240.0, 1260.0, 1280.0, 1300.0, 1320.0, 1340.0, 1360.0, 1380.0, 1400.0, 1420.0, 1440.0, 1460.0, 1480.0, 1500.0, 1520.0, 1540.0, 1560.0, 1580.0, 1600.0, 1620.0, 1640.0, 1660.0, 1680.0, 1700.0, 1750.0, 1770.0, 1790.0, 1810.0, 1830.0, 1850.0, 1870.0, 1890.0, 1910.0, 1930.0, 1950.0, 1970.0, 1990.0, 2010.0, 2030.0, 2050.0, 2070.0, 2090.0, 2110.0, 2130.0, 2150.0, 2170.0, 2190.0, 2210.0, 2230.0, 2250.0, 2270.0, 2320.0, 2340.0, 2360.0, 2380.0, 2400.0, 2420.0, 2440.0, 2460.0, 2480.0, 2500.0, 2520.0, 2540.0, 2560.0, 2580.0, 2600.0, 2620.0, 2640.0, 2660.0, 2680.0, 2700.0, 2720.0, 2740.0, 2760.0, 2780.0, 2800.0, 2820.0, 2840.0, 2890.0, 2910.0, 2930.0, 2950.0, 2970.0, 2990.0, 3010.0, 3030.0, 3050.0, 3070.0, 3090.0, 3110.0, 3130.0, 3150.0, 3170.0, 3190.0, 3210.0, 3230.0, 3250.0, 3270.0, 3290.0, 3310.0, 3330.0, 3350.0, 3370.0, 3390.0, 3410.0], [10.0, 470.0, 930.0, 1390.0, 1850.0, 2310.0], [212.0]]
GROUP (600, 10, 20) count 144 first [(4, [2850.0, -10.0, 57.61], [3450.0, -0.0, 77.61]), (6, [2850.0, -10.0, 77.61], [3450.0, -0.0, 97.61]), (7, [2850.0, -10.0, 338.15], [3450.0, -0.0, 358.15]), (8, [2850.0, -10.0, 318.15], [3450.0, -0.0, 338.15]), (69, [2850.0, 450.0, 338.15], [3450.0, 460.0, 358.15]), (70, [2850.0, 450.0, 318.15], [3450.0, 460.0, 338.15]), (71, [2850.0, 450.0, 298.15], [3450.0, 460.0, 318.15]), (72, [2850.0, 450.0, 278.15], [3450.0, 460.0, 298.15])]
centers XYZ [[300.0, 870.0, 1440.0, 2010.0, 2580.0, 3150.0], [-3.9, 456.1, 916.1, 1376.1, 1836.1, 2296.1], [67.6, 87.6, 288.2, 308.2, 328.2, 348.2]]
GROUP (30, 30, 370) count 47 first [(13, [2850.0, -0.0, 12.0], [2880.0, 30.0, 382.0]), (14, [3420.0, -0.0, 12.0], [3450.0, 30.0, 382.0]), (68, [3420.0, 460.0, 12.0], [3450.0, 490.0, 382.0]), (101, [3420.0, 920.0, 12.0], [3450.0, 950.0, 382.0]), (134, [3420.0, 1380.0, 12.0], [3450.0, 1410.0, 382.0]), (168, [3420.0, 1840.0, 12.0], [3450.0, 1870.0, 382.0]), (169, [2850.0, 1840.0, 12.0], [2880.0, 1870.0, 382.0]), (203, [3420.0, 2300.0, 12.0], [3450.0, 2330.0, 382.0])]
centers XYZ [[15.0, 585.0, 1155.0, 1725.0, 2295.0, 2865.0, 3435.0], [15.0, 475.0, 935.0, 1395.0, 1855.0, 2315.0], [197.0]]
GROUP (30, 430, 30) count 35 first [(39, [2850.0, 30.0, 12.0], [2880.0, 460.0, 42.0]), (40, [3420.0, 30.0, 12.0], [3450.0, 460.0, 42.0]), (73, [3420.0, 490.0, 12.0], [3450.0, 920.0, 42.0]), (106, [3420.0, 950.0, 12.0], [3450.0, 1380.0, 42.0]), (139, [2850.0, 1410.0, 12.0], [2880.0, 1840.0, 42.0]), (140, [3420.0, 1410.0, 12.0], [3450.0, 1840.0, 42.0]), (174, [2850.0, 1870.0, 12.0], [2880.0, 2300.0, 42.0]), (175, [3420.0, 1870.0, 12.0], [3450.0, 2300.0, 42.0])]
centers XYZ [[15.0, 585.0, 1155.0, 1725.0, 2295.0, 2865.0, 3435.0], [245.0, 705.0, 1165.0, 1625.0, 2085.0], [27.0]]
GROUP (30, 2330, 30) count 7 first [(209, [3420.0, -0.0, 382.0], [3450.0, 2330.0, 411.99]), (409, [2850.0, -0.0, 382.0], [2880.0, 2330.0, 411.99]), (605, [2280.0, -0.0, 382.0], [2310.0, 2330.0, 411.99]), (806, [1140.0, -0.0, 382.0], [1170.0, 2330.0, 411.99]), (807, [1710.0, -0.0, 382.0], [1740.0, 2330.0, 411.99]), (1008, [570.0, -0.0, 382.0], [600.0, 2330.0, 411.99]), (1210, [0.0, 0.0, 382.0], [30.0, 2330.0, 411.99])]
centers XYZ [[15.0, 585.0, 1155.0, 1725.0, 2295.0, 2865.0, 3435.0], [1165.0], [397.0]]
